8 6
6 25
6 28
6 22
6 29
6 6
6 7
6 7
6 26
6 34
6 8
6 13
6 9
6 13
6 30
6 16
6 28
6 13
6 39
6 9
6 6
6 9
8 9
6 17
6 11
8 8
8 11
8 12
6 25
6 27
6 17
6 18
6 5
8 42
6 45
6 18
6 19
8 30
6 24
6 10
8 14
6 20
6 19
6 12
6 7
6 9
6 16
6 8
6 34
13 45
8 14
6 29
6 15
6 18
6 14
6 21
6 11
8 4
6 12
6 12
6 17
6 9
6 14
6 12
6 20
6 34
6 18
8 5
8 25
6 12
6 11
6 23
8 9
8 9
6 11
6 15
6 15
6 26
6 37
6 15
6 32
6 22
6 15
6 7
6 16
6 13
6 13
6 11
6 41
6 8
6 13
6 18
6 8
6 10
8 10
6 42
6 12
8 6
6 18
8 6
8 19
6 10
8 16
8 21
8 5
8 10
6 25
6 17
6 7
6 16
6 23
6 6
6 11
6 48
6 9
8 10
8 38
8 11
6 10
6 18
6 10
6 9
8 9
6 19
6 36
6 13
6 9
6 10
6 9
6 11
8 15
6 14
6 7
8 8
6 6
8 42
8 5
6 19
6 9
6 17
6 11
6 9
6 35
6 27
8 11
6 27
6 6
6 11
8 9
6 7
8 5
6 7
6 4
6 11
6 6
8 9
6 21
6 20
8 11
6 5
6 8
6 10
6 8
8 45
6 12
8 18
6 5
8 4
6 39
6 18
6 18
6 26
6 6
6 14
6 45
6 24
6 11
6 10
6 8
8 13
6 19
6 9
8 15
6 8
6 10
6 11
6 34
6 7
6 10
8 7
6 29
6 33
6 10
6 7
6 16
6 14
6 30
6 7
6 9
6 8
6 9
6 8
6 8
6 8
6 9
6 22
8 8
8 20
6 6
8 7
6 12
6 26
6 35
6 15
6 9
6 22
6 17
6 13
6 18
6 6
6 16
6 10
6 9
6 11
6 15
6 36
6 7
8 12
6 16
8 10
8 15
8 7
6 13
6 18
6 18
8 12
6 22
6 13
6 11
6 44
6 6
6 9
8 11
8 8
8 9
6 8
8 7
6 12
6 12
6 8
8 33
6 13
6 7
8 9
6 44
6 4
8 7
6 36
6 20
8 10
6 7
8 8
6 9
6 13
6 12
6 41
6 21
6 15
6 27
6 15
6 11
6 9
6 10
6 6
6 17
6 10
8 19
6 33
6 7
6 11
6 14
6 11
8 10
8 16
8 9
6 47
6 12
6 10
6 13
6 9
6 8
8 13
8 10
6 18
6 31
6 24
6 11
6 32
6 8
6 9
6 5
6 17
6 41
6 12
6 9
6 18
8 14
8 11
6 29
6 19
6 29
6 20
8 5
6 9
8 13
6 10
6 13
6 33
6 7
6 8
6 8
6 6
6 12
6 14
8 18
6 30
6 35
6 49
6 24
6 24
6 27
6 5
6 12
6 29
6 11
6 11
6 11
6 15
6 14
8 17
6 10
6 20
6 10
6 12
6 6
8 11
6 3
6 15
6 16
6 8
6 10
6 10
6 14
6 13
8 14
8 8
6 11
6 17
6 10
6 15
6 10
6 18
6 18
6 10
6 10
6 11
6 20
6 7
6 19
6 10
6 3
6 12
6 33
8 10
8 5
6 18
6 13
6 18
8 10
6 14
6 23
6 21
6 6
6 8
8 14
6 7
6 8
6 38
6 12
6 8
8 16
8 33
8 10
6 12
6 45
6 13
6 4
6 17
6 18
6 14
8 11
6 6
8 13
6 9
8 8
6 26
6 10
6 9
6 6
6 18
8 13
8 8
6 13
6 8
8 9
6 7
6 12
6 5
6 9
8 19
6 21
6 19
6 8
8 33
8 16
6 5
6 23
6 39
6 8
8 43
6 15
6 16
6 8
6 23
8 10
6 20
6 15
6 6
6 15
6 32
6 9
6 7
8 8
6 6
6 33
6 19
6 9
8 25
8 9
6 31
8 25
6 36
6 22
8 12
6 18
6 25
6 25
8 9
6 37
6 6
6 12
6 47
6 6
6 12
6 42
6 21
6 12
6 17
6 21
6 7
6 9
6 17
6 14
6 9
6 44
6 7
6 27
6 16
6 7
6 13
6 7
6 18
6 21
6 7
6 9
8 41
6 11
6 16
6 15
6 25
8 16
6 9
6 34
6 10
6 9
6 14
6 34
6 8
6 48
6 22
6 7
8 16
6 7
6 10
6 12
6 42
6 12
8 18
6 12
6 11
6 21
6 15
6 11
8 11
6 8
6 11
6 21
6 28
6 20
6 8
6 9
6 8
6 10
8 8
6 7
6 36
6 9
6 28
6 16
6 33
6 12
6 10
6 15
6 12
8 15
6 10
6 26
8 37
6 9
8 12
6 16
6 14
6 8
6 7
6 33
8 3
6 43
8 22
6 43
6 12
6 33
6 19
6 26
6 18
6 11
6 6
6 9
8 10
6 8
6 10
8 19
6 10
6 18
6 12
8 7
6 21
6 16
8 38
6 23
6 34
6 12
8 11
8 31
8 15
6 21
6 44
6 23
6 22
6 28
6 19
8 9
8 36
8 10
6 6
6 25
6 34
6 10
6 9
6 8
6 8
6 35
6 47
6 14
8 14
6 13
6 6
6 9
6 10
6 22
6 7
6 13
6 4
6 9
6 11
6 13
6 9
6 7
6 26
6 24
6 27
6 12
6 8
6 9
6 44
6 21
6 25
6 36
6 28
8 9
8 9
6 24
6 3
6 10
6 6
6 13
6 45
6 8
6 19
6 11
6 10
8 42
6 11
8 22
6 8
6 18
6 26
6 10
6 26
6 6
6 4
6 13
8 5
6 36
6 21
6 18
6 13
6 14
6 8
6 24
6 5
6 16
8 7
6 8
6 8
6 8
6 14
6 10
6 6
6 16
6 20
6 19
8 10
6 14
6 10
6 19
6 6
6 8
6 12
8 48
6 48
8 4
6 5
6 29
6 31
6 10
6 14
6 27
6 30
6 10
6 19
6 10
6 20
6 27
8 9
6 8
6 15
6 28
6 10
8 34
8 12
6 5
8 8
6 5
6 13
6 3
6 32
6 34
6 8
6 27
6 16
8 5
6 8
6 9
6 22
6 12
8 13
6 10
6 19
8 12
8 13
6 21
8 6
6 13
6 8
8 15
8 9
6 12
6 7
6 12
6 7
8 8
8 6
18 7
6 27
6 20
6 8
6 10
6 18
8 11
6 20
6 11
6 16
6 15
6 13
6 39
6 41
6 13
6 35
6 12
6 13
6 8
6 11
6 42
6 11
6 28
6 9
6 6
6 19
6 14
6 6
6 10
6 12
6 6
6 11
8 13
8 11
8 13
6 12
6 7
6 7
6 33
6 46
6 17
6 38
6 4
6 13
6 27
6 10
6 14
6 11
6 19
6 12
6 7
6 7
6 28
6 14
6 37
6 9
8 19
6 12
8 8
6 17
8 8
6 6
8 10
6 11
8 42
8 11
6 10
8 9
6 12
6 15
6 9
6 14
6 17
6 18
6 16
6 4
8 20
6 26
6 13
6 29
6 8
6 9
6 11
6 33
6 36
6 15
6 5
6 16
6 9
6 9
6 11
6 12
6 10
6 8
6 5
6 6
8 26
6 9
6 14
6 21
6 10
6 41
6 46
6 33
8 7
8 11
6 17
8 23
8 44
6 4
6 39
6 16
6 4
6 26
6 18
6 19
6 9
6 18
6 8
6 22
6 21
6 11
6 11
6 19
6 12
6 22
6 14
8 12
6 23
6 29
8 6
6 9
8 21
6 36
6 21
6 11
6 13
6 10
8 12
6 7
6 5
6 10
8 44
6 16
6 6
8 11
8 7
8 7
6 20
8 22
6 18
6 22
6 9
6 15
8 21
6 18
6 16
6 27
8 8
6 19
6 11
6 8
6 10
6 8
8 17
6 24
8 11
6 36
6 17
6 39
8 17
6 18
6 23
6 16
8 16
6 24
8 13
6 18
8 43
6 9
6 34
6 11
8 9
6 20
6 9
6 47
6 10
6 13
6 11
6 13
6 25
6 12
6 26
6 11
6 8
6 8
6 4
6 14
6 12
6 5
8 19
6 11
6 19
8 9
6 11
6 9
6 12
8 18
6 20
6 7
8 26
6 49
6 12
6 10
6 19
8 5
6 44
6 9
6 17
6 12
6 23
6 16
6 12
6 14
6 11
6 8
8 10
6 13
8 7
6 11
6 9
8 10
8 13
6 44
8 7
8 8
6 6
8 18
6 6
6 7
8 16
6 6
6 29
6 11
6 8
6 11
6 11
6 6
6 11
6 14
6 23
6 8
6 31
6 41
6 8
6 9
8 22
6 9
6 46
6 6
6 10
6 28
6 16
6 21
6 15
6 33
6 7
6 6
6 7
6 18
6 9
6 15
6 10
6 28
8 4
6 12
8 13
8 6
