8 77
8 57
38 33
13 62
6 29
13 99
6 61
6 2
6 40
8 50
85 9
18 14
13 82
38 43
18 57
6 49
13 67
6 81
6 90
18 17
118 12
8 35
6 32
85 24
6 29
6 67
6 78
11 44
6 63
8 99
6 67
6 12
8 60
6 87
8 91
89 85
100 83
6 13
6 12
13 90
8 43
13 59
89 96
11 98
85 77
8 82
8 19
6 80
6 26
11 14
8 33
6 10
90 35
28 65
8 78
6 24
94 45
6 93
6 57
13 85
18 81
11 20
8 36
6 41
6 34
23 74
18 89
8 32
8 79
8 56
18 45
6 69
18 33
6 51
89 22
110 48
6 33
6 46
8 62
13 77
11 87
11 40
14 99
18 27
6 70
6 13
18 38
11 10
8 16
6 6
18 35
8 36
6 40
18 69
6 7
6 69
6 31
18 86
85 57
6 83
6 22
100 80
8 21
13 95
8 79
21 89
6 50
8 24
11 41
18 32
16 90
6 51
89 51
6 96
6 20
18 24
90 95
8 29
85 12
8 75
8 93
18 20
6 21
11 91
11 43
94 90
8 37
6 12
8 82
16 99
6 42
6 72
18 43
6 19
21 92
85 17
85 8
18 65
18 14
6 43
8 55
13 95
18 86
6 83
18 11
6 27
6 36
6 94
6 29
18 82
6 46
6 34
6 26
6 17
28 90
8 76
85 59
18 50
13 92
8 97
6 27
6 80
18 25
6 69
6 73
18 99
8 22
89 15
85 86
6 79
8 63
6 4
6 85
13 44
13 78
6 23
6 85
18 76
6 63
18 55
13 93
6 61
8 54
28 36
18 73
89 16
8 22
18 21
6 80
89 93
89 98
13 53
8 19
13 92
6 22
6 65
13 76
59 90
6 41
6 77
6 32
85 63
6 32
18 50
11 17
6 24
11 33
10 94
23 26
85 19
13 63
13 20
6 69
28 78
6 10
55 99
8 54
23 98
6 49
8 32
8 25
6 72
84 82
6 67
6 18
18 47
6 36
18 23
6 48
18 40
6 91
8 45
8 65
6 64
85 97
6 78
89 61
6 45
6 30
138 10
6 17
85 51
8 80
8 39
100 21
6 28
23 22
13 58
8 4
8 97
28 42
6 94
6 98
18 15
6 95
6 32
6 83
6 60
6 62
6 22
6 51
89 12
6 68
8 88
95 79
94 76
99 32
85 26
99 67
11 93
18 61
85 11
18 21
18 28
8 93
85 64
6 13
18 23
38 98
13 66
8 70
6 68
6 15
28 76
18 58
6 89
13 68
8 57
6 44
85 88
6 30
6 12
8 67
6 17
6 61
13 87
8 96
13 90
13 55
6 18
8 63
11 92
8 99
6 59
6 28
23 70
6 35
6 94
18 25
8 99
8 42
18 22
28 56
85 41
6 85
6 25
18 96
11 92
8 75
11 85
6 19
18 67
23 91
28 97
90 56
6 71
85 16
8 34
38 32
6 25
18 72
18 50
90 48
6 92
6 57
118 35
23 86
18 82
99 10
13 17
52 91
6 22
28 82
6 43
6 41
8 32
6 22
89 9
104 75
85 97
11 91
6 75
8 47
6 73
8 92
6 11
6 92
6 16
6 98
18 15
8 76
6 16
8 87
11 59
13 86
13 91
8 18
18 73
6 28
6 39
6 99
8 77
6 14
6 87
6 58
6 99
6 97
6 89
85 81
6 58
85 43
18 32
85 12
38 26
6 58
6 14
85 28
8 10
8 18
11 40
18 42
6 40
6 57
85 93
6 51
6 60
72 21
6 31
28 37
85 39
13 85
8 26
8 53
8 47
16 96
11 71
18 18
13 66
28 85
6 42
6 42
89 29
6 54
8 25
18 31
6 25
85 25
18 34
8 94
104 76
6 28
8 83
28 34
6 44
6 44
6 58
28 64
105 55
100 71
6 35
89 36
6 29
8 85
69 98
8 55
18 26
28 25
6 10
6 38
6 57
90 16
38 29
6 41
85 24
6 24
6 33
23 63
38 92
6 27
8 60
13 96
6 16
89 30
6 17
6 39
6 29
13 57
18 16
6 30
13 82
28 49
13 77
8 49
11 89
8 70
6 22
85 12
6 91
6 18
21 97
8 84
8 41
99 40
8 46
18 21
8 68
84 96
18 83
85 16
13 87
104 24
13 92
6 34
28 31
11 37
11 81
11 86
8 78
6 16
11 41
18 89
8 93
13 86
8 59
11 49
13 82
85 20
6 28
26 97
11 84
6 97
6 54
6 31
6 53
13 89
18 44
38 38
6 52
6 70
13 49
100 9
89 67
21 99
85 31
18 80
6 16
6 61
28 55
89 68
38 40
6 26
6 44
6 50
38 74
6 38
6 87
6 77
18 14
13 93
6 13
6 10
13 98
13 82
18 28
6 59
23 75
8 16
6 91
38 47
11 58
105 39
6 19
6 46
8 85
18 89
90 19
8 17
6 67
6 13
13 17
8 86
85 87
18 62
6 92
85 14
6 19
8 87
6 21
6 98
6 20
18 91
38 35
6 67
90 21
13 86
89 22
18 85
18 62
59 93
18 98
23 50
23 70
13 89
6 80
6 43
16 93
8 28
6 68
8 24
28 68
13 95
6 13
18 17
6 25
6 28
6 41
6 18
13 87
15 99
28 83
11 63
8 60
21 88
6 29
6 61
99 89
6 38
18 23
8 30
6 72
38 95
8 99
6 49
18 17
6 15
21 40
94 57
6 20
6 51
6 56
16 91
38 37
28 90
6 98
13 88
84 99
89 25
28 8
11 92
8 13
6 65
6 36
8 56
18 56
6 9
13 97
6 84
6 35
6 17
18 32
8 84
6 94
89 15
6 24
23 98
6 39
8 10
6 70
6 42
72 17
104 88
13 58
6 68
18 18
18 63
89 80
18 75
8 22
6 40
13 85
21 92
8 48
6 15
18 12
13 77
8 89
6 18
13 40
38 43
8 41
13 78
6 47
18 36
6 95
18 35
6 86
8 56
13 89
8 31
8 68
8 86
13 27
52 96
6 33
6 18
8 50
6 28
18 80
6 48
6 28
18 82
89 25
94 52
6 73
6 54
6 86
8 52
6 76
6 92
8 19
28 93
28 95
89 60
18 80
28 19
6 81
6 23
6 25
6 30
18 25
6 55
6 25
85 16
18 20
28 64
18 78
21 15
90 37
6 70
38 99
90 91
8 25
6 8
6 57
8 40
18 13
11 82
6 32
6 31
13 64
28 29
6 36
28 51
13 9
28 76
38 77
8 78
6 64
6 88
6 61
85 23
6 19
6 34
85 14
6 42
8 72
13 32
18 25
18 40
11 54
6 20
18 30
85 63
18 34
6 41
6 74
8 14
59 99
6 15
8 63
8 23
8 30
13 66
6 10
6 89
13 24
21 88
13 39
18 19
15 98
13 21
6 38
8 24
8 22
13 36
6 22
89 27
36 94
6 55
6 93
13 63
8 17
38 15
8 19
18 31
8 70
89 76
6 65
18 55
18 25
13 73
13 55
8 97
6 22
8 26
6 26
6 51
6 35
18 81
6 16
23 85
13 47
18 14
8 39
6 68
84 99
13 85
6 26
18 91
90 88
18 82
104 84
16 96
6 51
18 23
6 13
13 94
104 82
6 52
38 43
11 92
89 25
23 61
8 99
8 29
18 79
6 29
28 65
18 73
18 33
6 51
8 31
6 88
13 44
85 41
23 83
11 61
18 80
6 9
23 39
13 55
6 19
13 23
13 88
8 70
8 74
6 16
8 36
6 87
8 62
6 11
18 45
6 36
8 72
8 81
18 97
8 31
28 57
18 21
6 10
6 56
8 97
13 91
6 69
6 29
8 65
6 50
6 41
6 29
8 46
8 93
28 97
18 96
38 36
6 10
6 89
38 26
6 38
6 17
6 52
6 24
8 33
11 96
6 70
6 98
13 95
6 78
85 46
18 25
8 98
89 38
23 96
13 69
8 63
89 44
8 49
8 58
11 97
41 98
6 38
6 19
13 60
8 63
18 31
8 65
6 66
13 73
23 24
8 24
6 83
6 32
21 60
8 78
6 65
11 40
89 52
11 75
6 56
18 27
89 38
90 91
6 72
18 91
6 14
6 49
18 33
85 99
11 95
13 62
28 58
6 56
8 13
13 74
6 11
6 77
89 9
6 30
8 64
8 98
38 22
6 73
18 20
6 64
18 7
18 33
6 22
6 47
28 43
11 80
18 53
8 87
13 63
38 44
85 7
8 30
8 51
8 31
6 26
89 37
11 95
8 83
85 49
8 42
13 40
6 38
13 97
85 20
6 18
8 28
100 19
8 34
6 56
18 24
6 24
18 77
6 88
8 30
18 26
8 53
85 11
6 68
6 77
8 16
99 77
18 91
6 15
18 3
90 27
8 64
23 65
8 97
6 32
18 27
6 91
38 24
8 85
6 9
8 21
6 65
6 32
11 26
8 36
6 70
21 50
6 66
8 40
6 24
23 33
8 60
18 15
