6 54
8 26
6 43
8 77
38 18
6 8
21 60
6 20
8 12
8 94
100 58
6 65
23 74
8 74
6 12
18 38
28 60
28 85
6 16
23 86
8 96
6 49
104 88
6 34
38 28
13 96
85 5
18 67
8 19
6 17
18 94
11 10
6 39
89 15
38 7
6 95
6 88
85 16
18 38
6 15
85 25
6 25
38 27
21 59
6 98
6 33
6 17
6 11
95 99
6 55
6 25
28 80
6 7
8 37
8 12
6 29
6 17
6 47
8 64
90 34
13 10
13 96
28 99
85 11
8 69
28 19
89 13
72 20
8 88
8 5
100 11
6 60
6 13
6 59
6 10
6 97
18 80
8 36
90 56
85 10
85 99
94 97
6 10
8 66
18 41
28 35
6 12
89 72
6 68
8 87
8 72
89 64
8 35
6 11
8 98
13 14
6 19
8 71
6 40
6 73
89 52
18 95
8 16
85 51
6 64
6 60
21 30
6 31
13 79
28 82
6 8
18 14
13 97
38 13
8 28
8 17
13 89
6 7
8 7
18 91
6 6
13 16
18 52
6 76
89 7
6 72
18 13
6 24
6 66
6 38
13 12
6 58
8 14
6 85
13 66
38 26
18 24
6 31
38 21
18 75
6 45
18 38
6 42
89 18
85 45
8 12
6 71
6 23
6 25
11 62
8 58
18 22
6 34
16 95
8 30
8 22
23 72
84 99
104 10
8 16
8 52
6 27
8 96
6 16
104 12
85 14
6 66
8 27
8 8
13 83
90 21
8 24
8 70
16 91
23 94
6 77
18 12
104 96
18 16
13 47
85 90
6 73
18 82
85 93
85 8
6 60
6 40
18 49
6 86
8 36
8 72
6 32
8 87
8 76
6 14
13 80
85 16
6 81
11 94
38 93
85 14
6 28
8 74
8 8
6 52
13 16
8 73
6 56
18 18
11 45
8 58
18 99
18 28
100 16
6 6
6 15
8 70
13 68
13 65
11 7
8 10
13 88
13 39
6 96
6 19
89 61
18 36
6 60
6 50
6 20
8 95
8 5
6 65
6 9
6 24
23 77
94 5
6 31
28 8
6 19
6 96
28 77
18 52
6 72
8 23
18 23
6 16
8 22
8 89
23 54
11 70
18 16
28 77
8 22
6 13
28 65
8 65
21 88
18 96
6 9
6 52
11 64
6 49
8 10
6 43
6 14
11 60
6 36
8 52
90 53
6 18
6 12
6 40
6 6
11 57
6 27
6 79
6 82
6 31
16 29
6 22
104 21
6 85
8 74
21 86
90 23
85 86
6 17
18 21
8 26
18 77
13 97
114 45
89 13
38 28
8 11
8 63
6 98
6 13
23 90
13 88
6 33
6 56
6 5
6 76
89 13
6 57
18 36
18 72
85 32
13 82
38 26
6 73
8 44
11 83
6 14
6 95
28 78
6 96
13 75
6 83
13 70
18 86
8 30
6 89
6 17
6 8
6 86
90 56
6 15
6 26
85 97
104 41
99 48
6 11
13 44
89 32
6 15
6 18
6 77
6 58
6 15
8 27
6 17
28 26
28 85
6 54
8 65
6 31
13 83
95 11
100 6
6 59
6 76
18 6
100 13
6 17
13 30
8 95
6 11
104 74
11 33
18 17
18 87
6 75
6 7
18 20
18 53
13 15
13 97
8 32
18 7
6 23
11 82
6 59
23 69
18 24
18 94
18 21
23 37
18 19
6 7
6 11
6 40
8 85
11 14
28 28
8 8
13 78
85 20
6 98
13 53
6 22
6 79
18 99
38 45
6 53
8 46
8 8
6 19
8 90
95 96
85 34
94 44
89 12
59 99
13 67
6 69
8 61
18 95
11 17
85 44
6 97
89 65
6 11
6 87
6 15
6 73
8 7
89 58
8 37
8 94
6 17
18 75
8 74
11 5
8 58
8 91
8 13
6 9
6 37
8 60
85 91
6 79
38 15
85 8
90 95
6 95
38 93
6 14
95 99
38 18
6 80
23 99
38 54
13 24
38 27
18 50
8 21
11 78
6 60
8 62
6 22
23 83
28 22
6 7
85 10
6 80
85 17
6 60
6 19
18 20
6 28
6 96
8 89
6 28
6 73
8 28
6 90
90 14
89 12
8 6
6 59
85 21
6 58
89 9
13 92
8 98
6 62
15 99
8 36
18 59
6 89
18 15
8 78
6 30
6 18
11 59
6 47
6 65
94 20
85 71
104 7
8 28
94 7
28 27
6 56
21 97
28 75
6 42
28 47
8 46
28 39
28 11
8 25
6 89
6 20
6 21
89 14
38 89
8 35
6 12
89 10
6 93
16 16
8 90
8 63
6 14
18 71
28 64
8 31
8 84
119 11
6 8
6 25
6 88
8 54
6 30
28 57
13 33
11 55
6 51
6 76
23 28
89 96
6 14
18 13
28 71
13 64
16 59
6 12
6 56
18 48
18 92
85 13
8 33
8 55
6 9
13 83
8 29
8 27
8 23
13 20
6 29
8 64
99 11
6 83
89 45
13 20
8 18
11 43
6 46
18 83
28 90
8 70
85 12
13 77
6 23
90 95
6 26
18 21
23 51
28 34
90 17
6 35
13 15
8 82
18 16
28 98
18 13
28 84
8 25
6 71
6 55
11 67
13 77
6 13
13 56
6 32
6 68
8 22
90 82
18 18
6 12
6 47
6 11
8 22
6 13
28 49
89 78
6 86
8 76
11 85
85 17
18 8
13 44
13 26
38 88
8 70
8 31
6 43
8 77
23 76
28 10
6 51
18 18
6 20
8 8
13 55
6 60
13 70
18 17
28 24
6 12
18 68
6 19
18 23
18 85
85 33
18 19
6 9
89 75
13 41
8 98
6 10
38 97
8 71
11 87
13 75
100 15
8 35
8 26
8 20
6 63
21 92
90 5
6 55
16 9
6 38
6 81
6 27
6 43
100 10
13 75
85 22
6 69
18 6
13 89
13 88
18 17
6 90
6 11
21 94
8 46
6 15
6 23
85 59
100 10
38 36
6 15
11 24
13 71
18 24
28 60
6 31
6 11
104 86
6 20
6 99
85 41
6 7
8 98
23 92
13 87
6 23
6 13
13 87
18 47
6 26
6 93
11 86
85 41
104 33
6 6
8 73
6 62
6 9
13 87
8 7
90 44
6 39
23 80
11 97
6 11
18 44
23 64
6 13
16 60
23 77
23 20
6 40
26 46
8 23
6 21
8 11
8 39
8 86
13 30
18 16
13 66
18 29
6 81
8 8
11 17
28 7
28 70
28 14
6 74
85 30
6 23
8 83
99 56
23 10
8 16
13 74
89 12
6 11
6 23
8 64
34 98
85 47
18 43
6 75
6 5
13 76
13 17
6 55
90 72
6 69
6 35
6 87
8 97
6 57
18 32
11 21
13 51
6 54
18 6
89 77
8 45
8 35
8 68
6 40
6 84
18 61
8 10
89 91
6 89
6 39
18 14
8 84
18 78
85 14
6 98
100 83
6 38
6 32
90 14
18 54
13 60
85 85
11 61
6 24
18 73
8 80
6 23
6 42
28 11
6 15
6 26
6 34
11 82
38 46
13 53
11 88
6 13
6 18
28 57
6 81
38 99
6 6
38 14
6 15
89 30
38 23
6 20
8 22
12 96
6 63
8 14
8 32
8 62
13 16
38 59
8 94
18 26
18 3
95 12
8 22
6 10
18 38
18 11
6 34
8 63
18 65
6 56
8 58
100 21
13 56
21 52
13 20
6 96
89 60
94 97
18 82
89 57
13 74
6 23
85 16
18 75
90 64
13 91
8 23
28 63
38 27
8 79
8 67
6 18
85 61
90 68
85 9
18 3
6 61
13 92
6 76
89 93
18 19
13 94
6 16
8 9
6 20
8 47
89 76
103 16
6 67
13 91
21 67
6 87
6 54
13 55
18 59
6 90
13 85
100 80
6 60
90 13
8 47
8 46
85 85
6 20
28 21
18 11
6 40
6 12
8 21
23 98
13 68
6 29
28 80
13 79
8 14
89 86
6 18
52 95
6 13
8 94
18 10
28 57
11 85
6 7
6 15
6 53
6 99
11 15
18 61
38 96
8 87
6 49
89 40
6 19
8 82
18 18
8 98
6 31
28 37
23 92
11 38
18 94
18 22
13 27
13 18
6 67
6 64
6 98
8 67
8 55
18 26
13 40
13 43
13 64
8 25
6 23
100 95
8 50
8 16
18 26
18 21
6 96
6 21
6 42
36 95
89 20
85 11
6 13
38 66
8 95
6 21
18 99
8 69
6 55
6 15
85 51
100 15
38 33
6 58
8 25
6 37
28 50
28 25
18 29
18 79
16 26
18 60
129 61
28 24
18 30
8 40
8 9
38 12
38 26
6 66
6 5
18 21
18 74
23 99
18 61
8 14
13 62
8 51
95 31
13 90
16 13
11 65
6 24
8 20
8 51
18 18
89 82
13 62
6 62
89 57
8 12
6 98
6 45
6 13
6 72
8 45
8 65
18 89
85 94
