8 64
11 90
6 87
85 69
6 37
6 52
6 25
8 45
8 39
8 10
6 55
6 19
6 30
6 8
18 77
38 15
8 4
89 88
6 8
18 43
100 12
18 34
18 92
94 9
85 7
6 12
38 17
13 8
72 14
18 10
6 19
6 17
85 92
6 15
6 9
6 8
6 97
6 35
28 47
114 22
13 10
8 7
6 50
85 93
23 87
38 36
114 50
13 24
18 3
18 19
38 21
85 11
6 12
90 17
6 14
8 8
11 66
6 37
6 53
13 23
6 26
16 11
38 11
8 75
11 86
6 12
8 11
85 60
11 51
85 51
28 78
119 11
11 38
6 77
6 23
18 13
21 43
21 77
18 7
11 86
8 43
6 35
16 82
85 7
8 11
6 53
38 15
13 82
13 88
85 8
38 20
6 11
6 36
8 13
8 74
6 77
6 14
6 11
28 34
38 11
21 66
90 12
8 12
6 12
13 46
6 11
18 11
6 68
6 8
6 13
11 15
8 32
72 13
6 77
8 85
104 6
72 18
6 91
18 13
6 25
38 16
6 9
6 6
11 88
6 19
18 19
85 12
94 61
23 55
6 6
21 99
6 19
38 12
6 9
8 83
11 9
13 81
13 83
6 17
28 60
18 77
23 73
6 12
8 26
13 98
6 40
89 26
38 16
94 39
13 85
100 14
11 45
18 6
6 15
26 92
90 12
99 33
21 14
8 10
28 60
18 72
94 5
72 9
85 52
23 5
85 8
8 12
8 54
85 31
8 21
6 42
8 7
23 94
6 14
28 29
6 10
8 9
38 17
6 94
94 89
6 11
99 47
8 83
6 51
23 77
28 95
8 14
6 9
18 12
8 12
6 75
8 50
8 79
8 51
6 92
89 5
8 5
8 5
6 9
11 90
38 21
6 45
38 30
6 55
18 16
18 5
28 9
8 35
8 53
85 71
6 16
8 46
38 31
18 8
8 8
6 7
13 75
13 61
18 10
11 59
18 15
6 20
6 65
99 64
28 38
13 60
38 26
85 6
8 48
18 12
8 59
6 8
85 40
13 70
13 40
8 99
6 42
8 64
38 20
38 7
6 41
6 30
6 11
6 13
6 27
38 14
6 39
18 6
104 18
13 34
104 4
28 74
11 33
85 7
28 51
8 3
18 11
6 52
18 26
18 73
8 8
6 85
94 12
38 8
23 99
6 65
6 45
18 9
6 10
28 35
28 98
8 10
8 6
18 66
11 59
8 5
28 69
89 10
6 39
11 75
6 10
8 16
38 20
94 65
13 60
90 9
6 33
89 80
6 7
6 39
23 17
8 76
6 16
38 48
85 18
85 5
8 12
85 7
6 60
8 12
6 13
28 15
38 66
38 16
23 99
72 15
6 65
6 41
6 9
6 9
13 9
94 45
6 87
94 39
89 4
8 46
6 12
8 69
8 63
94 16
90 29
6 22
89 12
85 8
89 13
23 77
6 12
6 52
8 11
8 20
85 10
13 91
18 53
18 17
6 13
8 52
6 14
28 9
23 11
11 54
6 97
38 34
16 8
13 98
6 56
28 13
8 27
95 96
18 12
13 45
6 75
18 9
6 27
18 12
18 10
8 13
6 81
85 9
89 52
28 18
90 10
104 4
6 35
28 13
28 56
8 50
11 56
38 8
6 13
8 16
6 17
85 7
6 39
18 33
104 32
8 12
8 18
18 95
6 11
18 54
23 80
85 60
6 12
8 5
18 11
89 40
18 11
11 86
18 58
23 94
6 8
6 10
6 40
8 23
85 97
6 43
13 51
13 99
8 79
85 4
6 91
18 12
6 10
6 64
100 3
18 41
18 7
13 13
89 30
6 3
6 7
13 8
85 6
6 30
13 86
8 19
6 49
11 89
18 70
11 79
94 8
6 66
6 7
6 77
85 11
6 12
6 43
6 8
18 12
90 69
18 7
11 12
6 9
6 15
18 8
6 11
18 12
8 7
89 17
6 92
8 31
8 78
8 6
26 67
99 41
8 8
85 30
18 11
6 90
8 47
18 9
18 89
6 62
28 63
13 16
28 35
18 99
89 6
18 79
6 45
18 11
6 32
100 27
8 8
11 62
18 23
6 69
8 8
85 10
8 38
6 16
6 62
85 7
90 18
18 9
13 13
18 44
6 10
8 2
6 64
18 73
8 7
6 64
11 6
89 34
11 10
16 12
38 44
8 98
6 51
13 52
18 95
94 11
13 11
18 39
28 14
6 45
6 58
6 17
6 16
6 18
28 75
23 7
85 10
11 47
89 27
6 36
18 99
6 17
8 4
38 17
6 49
6 93
89 48
6 8
6 86
85 6
38 8
8 14
8 4
6 28
18 54
8 30
6 30
85 9
18 24
8 5
118 12
6 15
6 31
13 53
18 10
6 9
6 12
23 15
8 9
6 49
6 10
72 12
6 33
8 7
90 18
90 13
85 10
23 64
6 60
8 5
6 18
100 7
6 44
38 10
28 34
23 37
16 7
89 92
72 8
99 75
6 12
100 40
13 50
89 89
13 76
13 22
11 15
100 12
95 85
6 8
38 30
13 61
6 83
8 45
89 9
18 43
38 10
8 32
94 72
6 13
6 31
6 59
18 15
38 92
18 92
8 90
28 55
6 61
21 77
13 89
85 7
6 74
100 11
6 23
8 13
8 10
6 58
89 7
28 20
6 8
6 4
13 79
6 82
8 13
85 5
85 8
6 11
38 28
11 9
13 20
6 14
11 98
8 6
6 10
8 99
8 99
6 9
8 62
6 13
11 19
6 35
6 17
6 51
18 71
18 18
85 8
8 67
18 62
85 70
6 93
8 10
11 87
89 9
11 84
6 19
89 46
28 59
8 93
6 5
6 9
6 48
18 28
85 98
23 73
89 92
6 12
8 31
85 27
8 32
8 20
13 63
8 71
6 11
18 32
38 54
26 99
8 9
6 54
28 19
11 82
28 12
8 7
6 9
23 40
18 22
6 6
6 21
6 13
18 7
38 58
8 63
6 78
6 49
6 48
13 43
72 11
6 75
13 18
6 6
23 99
6 9
13 96
94 23
6 9
6 40
18 11
6 9
6 30
6 38
6 41
8 55
18 65
18 12
18 34
11 85
85 15
8 63
18 73
89 82
18 20
85 91
21 66
18 27
23 77
13 10
28 82
104 22
89 10
6 79
11 12
28 39
52 14
18 8
85 9
6 67
6 43
6 4
18 10
23 22
18 13
6 33
13 54
18 14
18 12
13 14
6 90
18 15
6 64
18 5
13 12
6 97
23 73
18 15
100 11
28 94
6 9
18 9
18 41
38 13
6 7
6 12
11 79
18 71
72 11
6 86
85 12
90 12
6 70
6 67
18 24
13 92
89 4
8 75
11 11
6 5
120 24
13 90
85 97
6 9
6 70
11 13
6 44
28 9
6 18
6 4
11 83
8 25
18 6
89 49
6 5
85 49
23 13
38 21
8 92
6 17
28 77
95 46
85 70
6 8
21 6
18 99
6 4
18 89
85 61
8 18
8 18
6 11
23 70
8 80
28 92
6 37
6 53
6 13
23 43
11 12
6 13
23 80
28 18
8 96
13 30
6 12
99 21
28 10
85 73
94 12
6 32
6 14
8 6
8 25
8 39
6 12
18 74
90 19
8 14
18 44
8 43
100 10
13 40
90 89
13 69
11 7
6 71
18 43
6 76
6 51
21 64
6 33
6 11
28 59
38 91
6 32
6 7
6 84
8 93
26 43
8 37
89 62
85 7
13 62
8 8
6 7
21 50
38 36
6 62
8 11
11 64
28 15
6 69
18 5
6 7
8 12
8 57
18 9
94 45
89 89
28 43
8 42
85 34
6 14
6 17
72 13
18 88
28 44
11 95
90 14
8 63
6 15
8 28
6 11
18 10
11 74
8 83
8 8
90 6
26 53
18 99
38 17
85 7
28 43
6 12
38 13
8 16
85 15
6 18
90 23
13 57
89 29
18 83
6 74
18 9
114 89
6 11
8 12
28 67
38 50
13 95
85 7
89 69
13 69
38 9
8 99
28 94
85 57
6 10
89 60
11 92
11 81
8 69
38 35
23 54
8 5
6 36
6 77
13 27
6 89
18 15
28 14
13 11
23 17
6 81
6 37
38 86
18 8
94 73
28 74
8 4
18 85
8 12
28 98
18 21
6 63
18 5
8 49
6 28
23 79
18 7
6 74
18 9
18 6
6 49
85 11
6 15
6 80
6 57
38 13
13 95
6 11
13 9
94 9
6 28
11 18
18 21
6 73
85 11
104 17
6 75
18 12
6 31
89 91
13 73
8 6
6 13
6 10
6 6
85 55
6 32
8 15
8 50
21 6
28 65
8 48
99 99
6 8
100 11
11 32
6 65
6 16
8 88
89 7
18 4
104 24
38 48
6 7
6 81
99 86
11 88
6 22
18 48
6 72
6 93
6 23
18 24
6 13
89 55
8 1
6 72
6 9
28 67
6 10
8 14
89 16
11 14
28 10
