52 46
18 11
8 47
55 78
90 25
13 53
89 18
28 22
18 14
99 7
18 79
13 39
6 65
6 59
11 12
104 12
6 62
6 62
13 20
84 78
28 35
23 69
85 12
18 56
21 58
89 51
38 27
16 42
18 30
16 23
21 75
89 8
13 73
28 14
6 16
6 43
89 22
11 68
94 16
16 79
6 18
18 61
28 70
8 17
23 64
6 29
11 19
13 55
8 68
6 13
118 19
72 16
100 22
6 15
85 37
6 35
38 55
18 36
11 74
6 15
8 63
8 28
8 20
6 13
38 27
18 48
6 25
38 25
8 5
94 72
6 7
6 60
13 17
18 13
28 50
104 10
8 16
13 54
6 31
28 46
17 79
6 49
18 43
85 69
18 12
94 73
6 53
11 10
6 19
8 15
8 10
6 19
6 23
38 34
13 19
18 34
28 33
13 25
8 38
104 11
18 25
13 58
18 26
38 13
28 69
18 29
6 9
85 10
6 50
89 13
6 18
6 71
8 24
23 45
8 44
6 57
6 55
18 20
100 22
11 7
11 72
38 20
28 48
90 43
18 20
8 64
18 51
8 18
18 9
6 74
21 76
11 29
99 26
6 46
8 39
8 9
13 76
13 62
18 23
18 14
18 48
38 12
13 43
18 28
8 44
23 15
18 22
85 13
6 63
38 17
18 53
8 65
6 32
8 77
6 63
6 25
6 11
11 57
89 11
28 60
6 14
8 19
11 23
6 19
6 52
6 23
28 18
8 7
18 28
6 14
8 79
18 24
18 32
6 65
6 57
28 22
6 55
21 79
8 16
90 11
18 34
6 17
94 69
6 51
6 19
8 25
6 43
85 9
6 42
72 9
8 17
6 28
8 64
6 10
23 28
94 67
100 16
13 53
18 17
6 13
28 56
8 13
13 22
94 60
11 6
6 26
6 17
6 10
6 16
85 12
6 49
38 34
6 20
89 10
28 16
13 28
8 18
11 57
38 5
6 7
6 66
18 76
6 17
6 13
8 24
6 19
13 58
89 67
85 13
6 55
18 10
8 77
13 14
18 8
18 29
28 75
6 11
18 58
11 22
89 32
8 68
8 9
13 52
6 26
6 16
85 60
13 12
6 34
6 5
89 16
18 25
13 20
8 13
6 72
18 21
85 42
6 11
8 10
21 78
6 13
6 50
6 8
89 55
18 9
99 18
6 64
8 74
6 41
13 19
38 24
8 34
28 41
16 20
18 11
6 19
13 54
18 10
18 76
21 70
18 18
8 79
18 42
8 66
18 36
38 8
85 24
6 51
6 44
8 34
6 69
8 68
90 34
100 23
6 10
6 5
6 57
6 15
6 21
85 78
8 23
6 29
6 11
6 21
13 23
38 72
6 56
6 60
8 12
6 16
6 32
21 11
11 18
6 47
84 79
38 35
6 15
6 74
6 19
13 15
8 52
89 22
6 35
6 15
6 33
6 19
21 40
85 48
95 21
52 79
18 39
8 25
85 18
104 13
89 73
13 34
11 73
18 32
16 11
8 61
95 13
100 65
28 50
8 49
85 20
90 11
6 31
6 35
6 12
6 49
89 49
85 31
6 46
13 26
6 18
6 62
6 34
38 77
28 70
6 8
99 26
38 13
6 48
104 69
6 27
18 23
6 8
6 39
21 57
85 10
28 10
8 17
100 57
85 77
6 6
13 3
21 25
6 13
6 34
28 11
13 38
6 11
104 57
6 63
8 8
99 9
8 66
18 51
6 35
6 7
6 22
16 66
8 15
38 10
18 15
8 79
110 79
89 65
18 73
6 15
6 12
18 50
28 11
23 9
6 63
18 38
85 42
13 78
6 33
6 79
85 14
6 39
89 48
38 33
18 21
6 27
8 40
100 11
18 56
117 6
6 57
6 56
11 71
85 6
28 34
6 12
6 49
6 29
6 10
8 77
6 51
8 61
38 22
6 78
8 9
89 40
6 10
13 45
18 13
11 7
11 7
38 17
18 20
8 67
85 25
51 79
8 6
6 30
8 17
8 51
21 70
99 11
8 65
72 8
89 24
8 14
85 31
23 38
6 76
13 69
8 79
6 13
6 28
6 8
11 57
11 15
6 11
16 74
8 36
18 25
21 8
6 70
6 72
18 17
6 22
38 29
100 22
26 78
8 49
6 60
90 8
13 55
8 69
6 65
18 40
8 24
8 33
6 37
11 46
16 65
6 64
8 76
8 20
89 64
6 48
38 70
13 11
6 77
85 11
6 56
28 15
6 16
100 12
6 20
6 25
6 53
6 72
89 21
18 76
6 31
89 18
21 57
18 12
11 47
6 7
11 70
8 78
21 79
23 79
18 34
6 8
13 56
6 48
13 41
11 14
6 20
6 57
13 57
18 14
18 38
11 66
18 79
23 79
6 54
18 11
8 70
6 48
13 48
6 78
23 69
18 16
6 66
6 20
6 55
6 11
85 21
85 13
28 23
23 34
13 33
6 33
8 17
89 13
6 21
6 44
6 16
109 69
28 37
18 4
18 38
13 21
6 42
6 70
28 22
11 77
11 69
8 69
6 14
95 31
94 43
6 47
23 27
6 28
28 32
8 37
6 56
6 45
6 15
13 48
6 45
23 70
6 11
6 45
8 29
11 51
23 77
89 8
6 19
6 20
6 14
6 32
85 69
21 40
6 76
18 47
6 34
38 4
11 68
6 52
38 36
18 51
13 28
18 10
8 23
13 13
6 45
8 20
18 17
90 70
38 78
85 62
85 14
38 70
11 15
100 17
6 35
89 41
6 79
36 78
8 44
28 10
8 30
6 13
6 20
18 9
23 69
8 14
94 13
85 23
6 63
6 51
21 77
6 6
89 39
99 15
11 27
13 18
85 28
28 23
11 42
8 72
6 10
85 40
8 5
11 20
6 74
11 76
13 79
8 41
85 11
89 64
28 20
6 12
6 14
6 77
8 10
89 20
6 64
28 78
13 14
6 14
8 49
8 75
28 39
13 11
85 19
85 13
6 57
28 77
6 73
72 15
89 57
6 53
13 66
23 9
13 14
8 20
89 17
18 53
6 10
28 48
8 59
18 14
85 71
13 67
38 14
6 58
38 16
18 13
85 8
8 34
94 11
8 8
13 15
6 12
38 18
8 52
13 55
6 34
6 55
6 17
6 15
6 15
38 33
18 29
18 69
13 26
8 56
6 14
6 48
6 55
89 72
6 52
85 55
18 6
104 62
6 71
94 32
89 25
85 19
38 18
18 16
28 51
18 69
6 27
6 69
28 25
8 49
6 20
18 26
8 79
13 18
100 5
18 31
8 38
8 16
6 9
8 75
13 70
6 21
6 72
16 30
10 79
85 54
8 61
8 5
11 38
6 13
8 34
8 70
89 56
38 48
72 12
85 40
8 79
6 10
64 79
11 68
6 13
89 56
13 50
95 51
28 25
6 35
28 46
18 30
72 16
8 30
38 43
6 31
6 17
104 17
6 44
94 76
6 41
8 42
31 79
11 30
6 10
13 46
6 50
38 13
6 69
6 51
89 11
119 14
6 38
85 19
38 79
8 66
18 72
13 45
28 65
26 75
6 64
6 16
89 69
89 29
23 78
18 33
85 41
8 70
6 57
8 54
99 9
6 56
11 6
23 27
18 4
8 6
6 40
6 74
23 66
6 67
104 31
16 35
28 52
85 7
8 13
6 30
6 76
85 8
6 20
8 18
13 77
11 46
8 39
38 14
38 12
90 19
6 18
6 7
6 69
109 27
28 10
85 47
94 17
85 8
18 77
104 44
85 45
18 40
6 9
18 35
13 11
38 18
18 5
89 12
6 55
89 15
38 29
13 36
6 62
13 50
6 30
38 35
8 54
6 58
13 60
38 11
11 76
13 55
90 56
11 42
26 49
89 49
6 19
85 24
6 69
13 72
8 7
118 31
6 16
90 51
23 37
10 79
6 26
6 66
6 19
6 19
104 77
89 40
18 20
13 46
6 59
6 13
6 15
6 63
6 19
13 69
18 6
6 21
18 28
8 8
23 50
94 6
23 24
85 10
38 18
6 31
6 73
16 30
85 78
18 21
6 20
89 55
89 17
6 58
85 23
28 74
100 53
13 16
6 58
8 16
53 78
23 68
6 37
6 5
85 29
8 10
13 10
6 19
13 21
13 40
8 61
13 57
8 25
18 59
13 9
6 44
13 36
8 40
6 25
6 21
8 19
104 12
8 23
8 26
6 61
89 27
89 26
6 13
90 18
89 37
139 21
85 39
6 5
90 5
89 12
6 17
114 16
23 57
18 37
18 40
94 11
21 40
38 29
8 28
94 29
13 18
6 48
23 77
38 15
6 16
89 7
100 15
18 58
6 73
11 61
6 19
6 17
89 36
6 9
94 22
8 66
89 14
6 19
18 29
100 54
6 28
13 73
85 8
13 34
85 13
6 67
89 30
11 19
6 17
8 43
23 69
13 58
13 28
90 54
28 66
6 24
16 24
18 29
6 72
28 61
8 19
6 41
