6 71
6 49
6 25
8 18
11 45
18 38
8 24
13 35
6 47
16 80
6 50
6 68
6 3
6 32
6 75
8 89
6 96
18 43
8 83
6 81
10 31
6 42
6 57
6 41
6 64
8 81
6 23
8 15
6 17
13 50
6 20
6 22
6 17
6 31
6 80
6 90
6 67
6 40
6 30
6 77
6 28
6 10
8 98
6 50
38 16
13 10
21 98
6 61
6 17
38 97
11 74
6 19
6 23
8 36
6 16
6 13
8 99
18 35
6 50
6 7
6 47
11 79
6 59
6 38
13 73
6 18
8 80
11 72
6 68
6 27
8 81
13 99
6 85
6 49
6 67
6 13
6 39
8 94
6 61
8 28
6 45
6 91
6 64
6 83
6 15
6 57
6 76
6 40
6 23
8 44
6 21
6 27
6 99
11 15
6 87
6 92
8 90
18 25
6 15
6 7
6 98
6 34
6 69
8 60
11 89
6 9
6 59
6 22
6 45
6 52
6 69
6 29
8 49
18 60
8 80
8 71
6 76
8 24
6 57
18 30
6 5
8 54
8 38
6 7
6 99
6 27
6 45
6 27
18 81
13 42
6 99
8 9
8 72
6 35
8 56
6 36
6 11
6 73
6 16
6 46
6 49
8 75
13 49
18 18
6 64
18 78
6 84
6 58
6 54
6 46
6 62
6 20
8 96
6 60
6 56
6 63
8 98
6 55
18 98
8 3
18 53
6 65
6 11
6 33
11 96
18 30
6 91
8 43
18 73
6 72
8 67
6 40
6 34
6 32
23 76
17 91
18 65
11 88
6 96
11 59
6 61
8 14
6 91
18 62
8 45
6 46
6 96
6 12
6 32
28 95
8 32
6 20
6 32
6 51
6 35
6 31
6 21
6 54
6 51
6 76
18 16
6 72
6 13
6 21
6 87
36 99
6 26
6 38
18 79
6 86
6 94
6 95
8 16
6 51
8 63
6 70
6 6
6 59
6 97
6 63
6 47
6 9
8 25
6 17
13 62
6 36
6 49
6 26
6 52
6 26
6 86
8 11
72 73
6 10
8 87
11 89
6 12
6 85
6 87
8 18
8 5
6 11
6 82
6 31
8 66
6 77
8 86
6 10
38 84
6 40
6 55
13 82
6 68
6 12
13 99
18 36
6 78
6 38
6 77
6 36
11 14
6 96
6 87
6 76
6 93
6 10
6 41
8 93
18 12
38 11
6 62
6 77
6 48
6 52
6 63
6 56
8 96
6 11
18 94
6 76
13 98
13 89
11 11
8 7
6 66
8 67
8 28
6 50
6 12
8 47
6 21
6 77
6 13
6 53
6 35
6 79
6 15
6 49
18 50
18 17
18 76
6 32
6 51
6 26
8 87
6 38
8 6
6 11
6 9
6 19
8 89
6 9
6 87
6 12
6 43
6 29
6 68
38 24
6 76
13 47
8 55
6 66
8 99
6 41
8 57
6 29
10 61
8 68
6 42
6 39
8 55
6 81
50 99
8 57
6 50
6 33
6 48
8 51
6 63
6 35
13 25
28 30
38 47
6 39
8 85
6 14
25 99
8 45
8 90
6 54
6 75
8 14
18 97
6 13
18 29
18 70
6 80
18 95
6 7
6 93
18 80
6 10
6 34
8 80
6 82
8 93
6 55
6 21
6 25
8 68
6 42
6 96
6 98
6 18
18 53
18 29
18 90
6 21
6 56
6 16
6 19
6 19
6 20
6 19
6 83
6 83
11 51
6 26
6 75
6 53
6 35
6 37
6 78
6 35
6 10
6 49
6 71
28 89
6 31
6 36
6 42
10 36
6 62
8 53
8 44
13 16
6 15
6 60
6 14
6 31
8 83
6 83
6 82
6 32
6 18
8 50
6 70
6 24
6 35
6 78
6 77
11 61
6 7
8 89
6 30
6 49
13 59
6 10
6 82
8 80
13 55
8 48
6 68
6 44
6 58
6 13
6 20
6 49
11 99
6 62
6 33
6 14
6 13
8 97
8 14
13 65
6 34
6 99
6 7
6 32
6 18
8 59
11 80
8 51
6 39
6 48
6 10
8 64
6 20
13 63
8 95
6 13
6 50
8 14
6 70
6 93
6 11
8 70
6 34
6 78
6 41
6 46
6 55
6 95
18 19
6 6
6 86
6 19
6 84
6 91
6 72
6 22
6 16
6 91
6 53
6 73
28 73
6 11
8 58
6 42
8 11
8 18
8 68
18 18
6 55
6 12
8 20
8 37
6 23
6 15
6 94
6 59
8 9
6 72
6 72
6 13
6 53
6 64
6 27
13 80
18 37
6 46
6 21
6 7
6 92
6 41
6 15
6 4
6 48
6 15
33 97
6 10
100 79
6 13
18 7
6 12
8 18
6 16
18 41
6 52
6 30
6 13
6 17
6 22
6 33
6 98
6 11
8 60
6 67
11 63
6 17
11 92
8 9
6 27
6 37
8 55
6 83
40 99
8 48
6 65
6 62
38 51
6 14
6 12
6 73
6 54
6 67
6 56
18 9
6 50
6 10
6 50
6 48
6 8
6 5
6 34
6 27
6 14
6 70
6 53
6 49
6 61
6 82
8 10
6 55
6 30
6 38
6 12
11 85
10 65
6 48
8 43
8 50
6 10
52 96
6 39
6 28
18 68
8 90
6 11
6 96
6 50
16 90
6 91
6 59
8 41
8 13
6 50
8 98
8 19
6 74
6 28
6 92
6 51
6 39
18 33
6 34
8 87
6 60
6 40
18 39
6 80
28 83
6 43
6 40
6 96
18 77
8 24
6 53
8 48
11 98
6 29
6 64
11 67
6 16
6 44
6 12
13 93
6 78
6 39
72 95
11 91
6 77
6 85
72 11
8 98
6 99
8 53
6 50
6 26
8 75
6 78
8 19
6 32
6 89
6 5
6 71
8 75
6 10
6 83
6 96
8 96
18 61
6 9
8 86
6 25
6 18
6 7
11 79
6 26
38 32
6 26
6 84
6 64
6 81
6 84
6 99
38 21
6 8
6 8
6 88
8 57
6 11
6 75
6 9
18 52
6 47
6 49
11 87
6 92
8 13
6 17
6 59
6 54
6 12
6 9
8 89
6 65
6 6
8 86
6 24
6 88
6 50
6 6
6 81
6 73
6 3
6 52
6 94
6 47
6 14
8 68
18 35
18 49
6 26
6 27
8 19
6 50
6 21
6 81
6 79
6 12
6 12
18 20
6 95
6 57
6 18
8 99
6 15
13 74
6 76
11 48
6 52
6 11
13 24
8 81
18 75
38 86
6 74
6 28
6 42
6 61
6 64
8 82
6 63
6 3
6 77
6 19
18 27
6 95
10 98
6 79
6 47
6 99
6 79
6 84
6 34
6 14
6 16
8 47
6 8
6 10
6 51
6 14
18 65
8 58
11 64
8 34
8 72
6 57
6 9
6 80
6 39
6 42
13 30
6 95
6 52
6 15
6 76
6 56
8 41
6 96
6 8
6 96
6 43
11 84
6 24
6 89
6 24
6 11
10 99
8 90
6 89
6 62
11 97
6 46
6 7
6 30
11 29
6 64
6 69
11 97
8 48
8 37
8 8
6 43
6 58
8 70
6 13
6 24
6 9
8 96
11 98
6 38
13 93
8 27
6 42
6 30
6 88
6 11
6 59
8 73
6 22
8 68
6 85
6 11
6 72
6 71
6 56
8 65
8 65
6 48
6 68
6 46
11 76
8 52
6 8
6 7
6 57
8 75
6 52
6 74
17 97
6 80
6 26
6 11
8 5
6 60
11 91
6 51
11 78
6 55
6 33
6 57
11 82
8 20
6 75
6 24
6 82
6 42
8 50
6 83
23 78
6 16
6 41
6 24
6 41
6 27
6 32
6 6
23 95
8 46
6 15
11 86
18 26
8 31
8 96
8 51
6 61
6 68
18 76
6 54
8 24
8 36
6 47
8 72
6 44
6 89
13 71
6 56
6 37
6 56
6 60
11 90
6 13
6 12
6 96
15 99
6 90
8 74
6 94
6 50
8 98
6 42
6 78
6 52
18 51
8 88
8 59
21 93
6 91
6 48
8 53
13 72
52 93
6 74
6 77
6 73
6 9
6 36
18 29
8 92
6 42
6 10
6 41
6 75
6 85
8 35
6 20
6 22
18 59
6 86
8 28
6 14
8 57
6 56
6 37
6 91
18 19
8 24
18 48
6 56
16 46
6 89
6 6
8 32
6 28
6 64
6 60
6 94
6 77
6 81
8 31
6 92
8 38
6 35
6 91
6 24
6 54
6 29
6 90
13 68
8 37
6 20
6 79
6 28
8 30
8 38
85 18
6 8
18 55
8 23
18 57
18 58
6 70
16 37
8 51
6 79
6 96
23 59
6 18
6 26
13 38
6 29
6 45
6 35
6 29
6 83
6 28
6 42
6 23
6 18
6 29
6 99
6 56
6 53
6 60
6 34
85 64
6 77
13 36
8 68
8 5
6 8
8 81
6 32
6 12
6 53
8 14
8 36
