6 60
6 40
6 61
6 34
16 79
6 4
18 29
18 59
6 33
8 27
18 36
6 38
8 40
6 39
18 6
8 66
11 76
118 28
6 47
85 72
85 55
8 64
6 16
6 79
6 64
8 57
13 6
11 79
6 39
15 79
6 17
18 56
6 50
18 9
6 35
6 14
6 9
11 8
6 66
6 54
18 8
6 76
6 63
8 59
18 63
6 16
6 30
16 70
18 7
6 7
11 33
6 42
6 58
6 54
38 78
6 21
6 4
8 40
38 59
6 72
6 12
6 15
8 33
6 41
6 41
6 9
89 16
13 37
6 52
6 54
6 6
6 14
6 68
13 69
6 44
6 17
6 37
6 15
6 63
6 48
6 56
8 54
6 21
15 75
6 35
15 76
6 31
6 57
10 74
8 42
11 74
8 66
13 38
6 6
38 60
6 21
18 25
6 20
8 73
6 7
8 40
6 60
6 39
6 43
6 54
13 56
6 10
6 8
28 44
6 10
38 3
6 78
6 73
38 35
6 26
6 25
6 41
6 73
28 35
6 69
6 69
6 61
18 12
8 53
18 56
6 7
6 46
6 44
8 76
6 33
8 70
6 23
13 58
6 11
8 52
8 5
6 16
6 39
8 50
6 47
6 46
6 36
38 15
11 52
8 64
8 16
18 72
8 7
6 79
18 63
8 9
6 12
12 23
6 38
13 79
18 12
6 14
11 77
11 56
18 19
8 64
38 12
6 71
8 34
6 71
6 9
6 27
6 10
6 23
28 66
8 59
6 11
6 14
6 39
8 20
8 70
6 28
6 10
8 63
6 10
35 46
6 56
28 55
6 70
6 77
11 42
6 74
85 12
6 75
18 33
6 41
6 18
6 32
18 9
6 9
85 39
18 76
18 63
8 24
8 42
6 54
85 7
18 53
8 41
6 18
6 74
6 42
8 15
13 64
6 18
8 37
11 74
6 18
18 67
6 64
11 79
6 63
6 74
11 6
6 55
6 74
35 10
38 37
8 45
6 62
6 11
6 33
8 30
8 31
8 31
18 61
6 11
6 31
8 8
6 5
6 77
15 34
6 33
8 69
6 40
6 19
18 42
8 42
18 55
8 59
6 47
8 67
6 53
6 37
6 60
6 55
6 12
6 24
18 25
8 69
6 34
6 64
8 38
6 17
8 30
6 6
6 21
6 22
6 36
18 8
8 62
6 54
6 20
18 66
18 26
6 36
6 66
6 63
6 77
6 16
18 52
6 9
6 18
6 36
6 25
6 40
6 31
6 59
6 39
6 50
8 34
8 24
6 71
85 75
8 19
8 46
13 53
6 21
6 58
8 21
6 55
6 48
8 16
6 4
18 12
8 59
6 29
6 27
6 58
13 55
6 56
8 77
18 52
8 77
6 34
8 66
8 55
6 31
6 11
6 27
6 40
18 34
15 78
8 60
18 8
6 37
6 24
6 28
6 72
6 31
6 60
6 12
6 67
6 69
6 19
13 79
6 64
6 33
8 79
16 77
6 61
13 40
18 61
6 77
6 18
6 57
6 27
6 46
8 70
6 45
6 47
51 53
6 18
6 69
6 76
13 40
6 64
6 76
6 7
6 78
6 60
8 47
6 40
18 21
6 8
6 61
6 24
11 61
6 60
6 32
6 41
6 16
6 31
6 42
6 39
8 11
32 79
8 16
6 49
72 30
6 35
6 25
18 75
13 73
6 79
11 66
6 40
6 11
11 73
28 62
6 25
18 7
6 27
6 68
6 54
8 33
6 46
6 30
6 65
6 28
6 18
18 32
18 64
6 76
23 75
18 74
6 49
6 31
6 65
23 76
11 4
6 14
18 15
8 15
11 29
6 77
6 21
8 67
8 34
6 25
6 65
8 11
8 12
6 14
6 25
8 23
6 50
6 79
6 6
6 75
13 72
6 74
6 50
13 30
6 59
8 72
6 31
18 14
6 23
6 32
6 24
13 37
6 62
8 48
6 15
6 49
11 51
6 66
6 16
8 38
6 19
6 11
6 61
6 16
8 55
8 39
6 68
13 68
8 27
6 35
6 17
8 35
6 15
6 27
6 20
6 40
13 67
6 39
8 34
6 48
6 68
6 55
18 51
6 19
6 7
8 73
6 48
18 57
8 42
6 71
6 14
18 65
8 76
18 27
8 68
18 10
6 41
6 42
6 56
13 61
38 36
6 9
6 62
6 20
6 58
8 33
18 10
6 14
18 52
18 9
16 7
11 54
6 78
6 48
18 55
6 23
6 16
6 65
6 48
6 27
6 15
6 25
8 71
18 18
13 21
18 20
6 41
8 49
6 66
8 30
6 78
13 26
6 22
18 65
6 11
13 39
6 25
8 70
6 4
6 37
8 33
18 78
6 35
8 46
13 11
6 58
15 70
6 9
11 32
38 19
8 55
8 15
6 61
8 69
6 56
6 24
8 8
6 53
6 52
8 67
6 58
6 27
6 44
6 54
8 15
6 50
6 76
18 68
8 6
18 34
6 16
18 26
18 67
8 18
11 8
6 68
6 11
6 62
8 76
6 18
6 15
6 22
6 61
6 30
28 75
6 40
8 55
6 74
16 79
6 59
13 62
13 79
6 39
8 72
6 48
6 16
10 79
6 50
6 22
8 79
8 69
6 12
18 16
38 16
6 41
6 46
18 49
18 34
6 53
6 9
8 60
6 47
6 40
18 66
6 32
10 67
6 24
6 45
38 31
8 61
6 29
6 79
6 67
6 71
6 79
6 34
8 30
6 33
6 9
6 8
6 45
6 49
18 36
18 20
27 22
8 24
11 73
6 46
85 61
18 58
6 54
8 79
8 19
6 70
6 67
6 21
89 7
6 52
8 42
6 53
6 19
6 42
18 27
18 24
6 17
6 23
6 12
6 22
6 15
18 8
6 73
11 18
6 40
6 60
6 32
6 38
6 57
18 22
6 38
6 15
6 69
6 61
13 50
16 64
18 30
6 77
8 19
8 73
6 17
8 29
6 17
6 69
18 63
38 60
6 28
6 62
6 13
6 20
6 14
6 40
6 14
8 71
8 18
6 73
6 50
6 63
13 42
6 10
18 61
6 23
6 65
6 20
6 15
18 54
6 45
6 38
11 19
11 65
6 58
18 25
6 20
6 10
8 79
6 18
6 70
6 58
8 45
6 69
6 9
6 61
6 24
6 36
6 44
6 53
6 27
6 72
6 29
6 77
6 50
8 79
38 44
6 47
6 54
6 71
8 6
6 10
6 49
6 79
6 44
6 16
8 60
15 75
6 61
6 27
8 68
6 44
6 37
11 29
23 78
8 75
6 58
6 8
6 41
6 56
18 76
6 37
6 24
8 26
6 50
6 18
21 19
6 55
18 33
6 7
6 30
38 30
6 30
6 53
18 75
6 15
18 14
11 67
6 66
6 58
6 29
6 23
18 49
11 67
104 79
18 9
11 56
6 60
8 40
8 21
6 39
6 8
6 58
13 33
28 53
6 31
8 66
6 7
6 56
6 71
18 41
8 33
6 70
6 16
6 30
6 41
6 66
6 51
8 8
6 55
6 79
6 14
8 46
6 15
18 21
6 11
6 69
11 39
6 41
6 41
8 50
6 53
6 58
6 78
6 51
6 8
6 60
38 75
6 15
6 11
6 70
6 57
10 60
6 72
6 56
6 15
6 17
6 17
8 24
8 69
6 39
6 44
6 26
6 29
8 55
18 35
18 14
6 23
11 69
8 51
13 44
8 62
6 70
18 48
6 60
6 16
6 14
6 43
6 20
8 47
8 59
6 31
11 74
8 18
6 7
8 11
8 69
8 51
52 66
13 61
6 51
6 11
18 37
11 78
6 55
6 57
6 45
8 79
8 58
8 36
6 42
28 66
6 41
6 8
13 54
6 64
6 11
18 79
87 55
11 6
18 65
8 29
6 36
6 57
6 72
8 73
18 51
75 78
8 32
18 65
13 35
18 20
8 21
8 47
13 39
6 38
6 53
8 68
6 56
6 55
8 22
8 20
8 32
6 68
6 39
18 15
11 53
18 40
6 44
6 45
37 62
18 60
6 26
8 44
6 71
18 24
6 42
6 24
8 72
12 76
8 58
23 70
6 26
13 40
6 26
6 16
6 46
6 73
6 9
18 44
6 43
18 60
8 24
18 8
6 8
6 36
6 37
33 51
13 62
6 38
6 38
6 13
6 24
13 66
8 23
6 26
18 16
6 53
28 79
6 22
6 26
6 14
6 20
8 44
6 41
6 29
6 73
6 33
6 50
8 13
28 63
6 31
6 10
8 12
6 51
8 44
6 40
8 53
6 27
13 77
18 21
89 30
8 78
6 55
13 76
38 7
6 61
18 38
11 68
6 11
6 24
6 74
6 33
11 67
6 54
18 24
8 13
6 13
33 71
6 72
6 30
8 67
18 64
38 20
6 32
6 47
6 25
6 19
6 31
6 22
13 65
8 71
18 75
6 78
38 79
6 49
8 14
6 62
18 74
10 62
11 65
